*1541

0 
*1792
*1536
*1537

0 
*1543

0 
*1542

0 
*1540

0 
*1053

0 
*1052

0 
*1051

0 
*1050

0 
*497

0 
7 
15 
23 
31 
38 
45 
52 
59 
65 
71 
76 
81 
86 
89 
93 
96 
98 
99 
100 
100 
*496

0 
7 
15 
23 
31 
38 
45 
52 
59 
65 
71 
76 
81 
86 
89 
93 
96 
98 
99 
100 
100 
*417

0 

0 

1 
*416

0 

0 

0 

0 

0 

0 

0 

0 

0 

0 

0 

0 
*273

0 
80 
160 
238 
316 
391 
464 
534 
601 
664 
723 
777 
827 
872 
911 
945 
972 
994 
1010 
1019 
1022 

0 

0 

0 
47 
94 
140 
185 
229 
272 
314 
353 
390 
424 
457 
486 
512 
535 
555 
571 
584 
593 
599 
600 

0 
*272

0 

0 

0 

0 
