*512
*1024
*103

0 
*1544
*1537
*1307

1 
*1306

0 
*1020

1 

0 

5 
*101

0 

0 
*102
*100

0 
20 
40 
59 
79 
97 
116 
133 
150 
166 
181 
194 
207 
218 
228 
236 
243 
248 
252 
255 
255 

0 
1176 
2346 
3501 
4635 
5740 
6809 
7837 
8816 
9741 
10606 
11406 
12135 
12789 
13365 
13858 
14265 
14585 
14815 
14953 
14999 

0 

0 

0 
7 
15 
23 
31 
38 
45 
52 
59 
65 
71 
76 
81 
86 
89 
93 
96 
98 
99 
100 
100 

0 
627 
1251 
1867 
2472 
3061 
3632 
4180 
4702 
5196 
5657 
6084 
6472 
6821 
7128 
7391 
7609 
7779 
7902 
7976 
8000 
*201

10000 

0 

0 

0 
47 
94 
140 
185 
229 
272 
314 
353 
390 
424 
457 
486 
512 
535 
555 
571 
584 
593 
599 
600 
