B 856 8 22
0 1 0 1 0 0 1
1 1 0 1 0 0 1
2 1 0 1 0 0 1
3 1 0 1 0 0 1
6 1 0 1 0 0 1
7 1 0 1 0 0 1
10 1 0 1 0 0 1
11 1 0 1 0 0 1
12 1 0 1 0 0 1
13 1 0 1 0 0 1
18 1 0 1 0 0 1
19 1 0 1 0 0 1
20 1 0 1 0 0 1
21 1 0 1 0 0 1
22 1 0 1 0 0 1
23 1 0 1 0 0 1
26 3 0 1 0 0 7
30 4 0 1 0 0 15
36 5 0 0.5 18 18 32
44 5 0 0.5 18 18 32
54 3 0 1 0 0 7
55 1 0 1 0 0 1
B 61 8 3
1 2 0 1 0 0 3
3 2 0 1 0 0 3
5 2 0 1 0 0 3
B 1067 8 8
7 8 0 1 0 0 255
8 1 0 1 0 0 1
9 1 0 1 0 0 1
10 1 0 1 0 0 1
12 1 0 1 0 0 1
13 1 0 1 0 0 1
23 8 0 1 0 0 255
31 40 0 1 0 0 1
B 1056 8 8
7 8 0 1 0 0 255
8 1 0 1 0 0 1
9 1 0 1 0 0 1
10 1 0 1 0 0 1
12 1 0 1 0 0 1
13 1 0 1 0 0 1
23 8 0 1 0 0 255
31 40 0 1 0 0 1
B 792 8 1
1 2 0 1 0 1 3
B 837 8 2
37 1 0 1 0 0 1
36 13 0 0.05625 0 0 240
B 915 8 6
21 6 0 100 0 0 6000
32 1 0 1 0 0 1
29 6 0 100 0 0 6000
33 1 0 1 0 0 1
36 1 0 1 0 0 1
37 1 0 1 0 0 1
B 800 8 21
2 3 0 1 0 0 1
3 1 0 1 0 0 1
4 1 0 1 0 0 1
5 1 0 1 0 0 1
6 1 0 1 0 0 1
7 1 0 1 0 0 1
15 8 0 0.5 -40 -40 87.5
23 8 0 0.5 -40 -40 87.5
28 5 0 0.5 18 18 32
29 1 0 1 0 0 1
30 1 0 1 0 0 1
31 1 0 1 0 0 1
34 3 0 1 0 0 7
36 2 0 1 0 0 1
42 3 0 1 0 0 7
46 2 0 1 0 0 3
47 1 0 1 0 0 1
53 5 0 0.5 18 18 32
55 2 0 1 0 0 3
59 4 0 1 0 0 15
48 5 0 0.5 18 18 32
B 801 8 7
7 8 0 0.5 -40 -40 87.5
15 8 0 0.5 -40 -40 87.5
19 1 0 1 0 0 1
17 10 0 10 0 0 8000
33 10 0 10 0 0 8000
55 3 0 1 0 0 1
18 1 0 1 0 0 1
B 797 8 3
0 1 0 1 0 0 1
1 1 0 1 0 0 1
3 2 0 1 0 0 1
B 864 8 6
0 1 0 1 0 0 1
2 2 0 1 0 0 3
14 7 0 100 0 0 8600
21 6 0 0.5 0 0 31
31 8 0 1 0 0 100
39 8 0 1 0 155 255
B 867 8 8
6 7 0 100 0 0 8600
15 10 0 10 0 0 8000
16 9 0 0.1 0 0 51
39 8 0 1 -40 -40 140
55 4 0 1 0 0 15
58 3 0 1 0 0 7
60 2 0 1 0 0 3
63 3 0 1 0 0 7
B 868 8 7
7 4 0 1 0 0 15
3 1 0 1 0 0 1
2 1 0 1 0 0 1
1 2 0 1 0 0 3
15 8 0 0.2 0 0 25.4
23 10 0 10 0 0 8000
26 3 0 1 0 0 7
