B 1541 6 1
0 48 1 1 0 0 0
B 1792 8 0
B 1536 8 0
B 1537 8 1
0 64 1 1 0 0 0
B 1543 8 1
0 64 1 1 0 0 0
B 1542 8 1
0 64 1 1 0 0 0
B 1540 6 1
0 48 1 1 0 0 0
B 1053 4 1
12 1 1 1 0 0 0
B 1052 4 1
12 1 1 1 0 0 0
B 1051 4 1
12 1 1 1 0 0 0
B 1050 4 1
12 1 1 1 0 0 0
B 497 1 1
0 8 1 1 0 0 100
B 496 1 1
0 8 1 1 0 0 100
B 417 2 3
8 1 1 1 0 0 0
1 2 1 1 0 0 0
0 1 1 1 0 0 1
B 416 4 12
30 1 1 1 0 0 0
29 1 1 1 0 0 0
26 1 1 1 0 0 0
25 1 1 1 0 0 0
7 1 1 1 0 0 0
6 1 1 1 0 0 0
5 1 1 1 0 0 0
4 1 1 1 0 0 0
3 1 1 1 0 0 0
2 1 1 1 0 0 0
1 1 1 1 0 0 0
0 1 1 1 0 0 0
B 273 8 5
48 10 1 0.1 0 0 102.3
40 8 1 1 0 0 0
24 16 1 1 0 0 0
8 16 1 0.5 0 0 300
0 8 1 1 0 0 0
B 272 3 4
7 1 1 1 0 0 0
2 1 1 1 0 0 0
1 1 1 1 0 0 0
0 1 1 1 0 0 1
