*856

0 

1 

1 

1 

0 

0 

0 

0 

1 

1 

0 

1 

0 

0 

1 

0 

7 

2 

8 

6 

5 

1 
*61

3 

3 

3 
*1067

0 
20 
40 
59 
79 
97 
116 
133 
150 
166 
181 
194 
207 
218 
228 
236 
243 
248 
252 
255 
255 

1 

0 

0 

1 

1 

0 
20 
40 
59 
79 
97 
116 
133 
150 
166 
181 
194 
207 
218 
228 
236 
243 
248 
252 
255 
255 

0 
*1056

0 
20 
40 
59 
79 
97 
116 
133 
150 
166 
181 
194 
207 
218 
228 
236 
243 
248 
252 
255 
255 

1 

1 

1 

1 

0 

0 
20 
40 
59 
79 
97 
116 
133 
150 
166 
181 
194 
207 
218 
228 
236 
243 
248 
252 
255 
255 

0 
*792

3 
*837

0 

0 
334 
667 
996 
1318 
1632 
1937 
2229 
2508 
2771 
3017 
3244 
3452 
3638 
3801 
3942 
4058 
4149 
4214 
4253 
4266 
*915

52 

1 

57 

1 

0 

1 
*800

1 

1 

0 

1 

1 

1 

0 
20 
40 
59 
79 
97 
116 
133 
150 
166 
181 
194 
207 
218 
228 
236 
243 
248 
252 
255 
255 

0 
20 
40 
59 
79 
97 
116 
133 
150 
166 
181 
194 
207 
218 
228 
236 
243 
248 
252 
255 
255 

1 

0 

1 

0 

6 

0 

4 

0 

1 

3 

0 

12 

7 
*801

0 
20 
40 
59 
79 
97 
116 
133 
150 
166 
181 
194 
207 
218 
228 
236 
243 
248 
252 
255 
255 

0 
20 
40 
59 
79 
97 
116 
133 
150 
166 
181 
194 
207 
218 
228 
236 
243 
248 
252 
255 
255 

0 

0 
62 
125 
186 
247 
306 
363 
418 
470 
520 
566 
609 
648 
682 
713 
740 
761 
778 
791 
798 
800 

0 
62 
125 
186 
247 
306 
363 
418 
470 
520 
566 
609 
648 
682 
713 
740 
761 
778 
791 
798 
800 

1 

1 
*797

0 

0 

0 
*864

1 

2 

37 

57 

0 
7 
15 
23 
31 
38 
45 
52 
59 
65 
71 
76 
81 
86 
89 
93 
96 
98 
99 
100 
100 

155 
162 
170 
178 
186 
193 
200 
207 
214 
220 
226 
231 
236 
241 
244 
248 
251 
253 
254 
255 
255 
*867

30 

0 
62 
125 
186 
247 
306 
363 
418 
470 
520 
566 
609 
648 
682 
713 
740 
761 
778 
791 
798 
800 

0 
40 
79 
119 
157 
195 
231 
266 
299 
331 
360 
387 
412 
434 
454 
471 
485 
495 
503 
508 
509 

0 
14 
28 
42 
55 
69 
82 
94 
106 
117 
127 
137 
146 
154 
161 
167 
172 
175 
178 
180 
180 

9 

4 

3 

7 
*868

4 

0 

1 

0 

0 
9 
19 
29 
39 
48 
57 
66 
74 
82 
89 
96 
102 
108 
113 
117 
120 
123 
125 
126 
126 

0 
62 
125 
186 
247 
306 
363 
418 
470 
520 
566 
609 
648 
682 
713 
740 
761 
778 
791 
798 
800 

7 
