*512
*1024
*103

11 
*1544
*1537
*1307

2 
*1306

3 
*1020

3 

7 

13 
*101

8 

1 
*102
*100

262 
256 
259 
265 
260 
259 
263 
258 
263 
261 
260 
259 
262 
263 
256 
263 
257 
257 
261 
261 
264 

15000 
15004 
15002 
15000 
15006 
15009 
15004 
15007 
15000 
15004 
15003 
15005 
15006 
15009 
15002 
15001 
15007 
15002 
15004 
15003 
15007 

8 

4 

103 
109 
106 
102 
109 
102 
103 
101 
105 
110 
103 
106 
106 
102 
102 
103 
103 
102 
105 
106 
102 

8006 
8004 
8004 
8008 
8010 
8006 
8009 
8003 
8003 
8010 
8002 
8006 
8007 
8003 
8008 
8005 
8001 
8007 
8004 
8009 
8008 
*201

10006 

1 

4 

601 
607 
608 
607 
608 
610 
609 
601 
609 
607 
604 
602 
604 
601 
607 
610 
605 
610 
605 
601 
601 
