t3588
0140000000000000

0200000000000000

0600000000000000

0800000000000000

7000000000000000

C000000000000000

0004000000000000

0008000000000000

0012000000000000

002C000000000000

0000050000000000

0000080000000000

0000180000000000

0000300000000000

0000400000000000

0000A00000000000

0000000500000000

0000004C00000000

000000001F000000

0000000000108000

0000000000007000

0000000000009000
t03D8
0300000000000000

0C00000000000000

2000000000000000
t42B8
8300000000000000
8080000000000000
8480000000000000
8100000000000000
8100000000000000
8000000000000000
8200000000000000
8280000000000000
8100000000000000
8080000000000000
8180000000000000
8280000000000000
8480000000000000
8200000000000000
8000000000000000
8180000000000000
8100000000000000
8280000000000000
8380000000000000
8480000000000000
8480000000000000

0001800000000000

0003000000000000

0005000000000000

0014000000000000

0024000000000000

0000800000000000
0000838000000000
0000828000000000
0000810000000000
0000808000000000
0000820000000000
0000840000000000
0000810000000000
0000830000000000
0000848000000000
0000818000000000
0000808000000000
0000818000000000
0000840000000000
0000828000000000
0000810000000000
0000838000000000
0000830000000000
0000848000000000
0000808000000000
0000830000000000

0000000000000009
t4208
8280000000000000
8000000000000000
8100000000000000
8280000000000000
8380000000000000
8380000000000000
8000000000000000
8200000000000000
8000000000000000
8100000000000000
8200000000000000
8400000000000000
8300000000000000
8280000000000000
8480000000000000
8080000000000000
8000000000000000
8400000000000000
8080000000000000
8400000000000000
8300000000000000

0001000000000000

0002800000000000

0005000000000000

0010000000000000

0020000000000000

0000840000000000
0000830000000000
0000818000000000
0000800000000000
0000818000000000
0000800000000000
0000818000000000
0000840000000000
0000838000000000
0000840000000000
0000820000000000
0000828000000000
0000818000000000
0000830000000000
0000818000000000
0000838000000000
0000820000000000
0000800000000000
0000810000000000
0000818000000000
0000828000000000

000000000000000A
t3188
0300000000000000
t3458
0000000028000000

0000000010AC0000
0000000010B40000
0000000010AC0000
0000000010B30000
0000000010AF0000
0000000010B30000
0000000010AD0000
0000000010AF0000
0000000010B10000
0000000010AB0000
0000000010B10000
0000000010B30000
0000000010B00000
0000000010AE0000
0000000010AF0000
0000000010AE0000
0000000010AD0000
0000000010AD0000
0000000010AB0000
0000000010B00000
0000000010B40000
t3938
0000200000000000

0000000001000000

0000002180000000

0000000002800000

0000000012000000

0000000020000000
t3208
0200000000000000

0E00000000000000

1000000000000000

2000000000000000

5000000000000000

A000000000000000

0083800000000000
0084000000000000
0080800000000000
0084800000000000
0082800000000000
0084800000000000
0080000000000000
0082000000000000
0082800000000000
0084800000000000
0081800000000000
0081000000000000
0084000000000000
0083800000000000
0081000000000000
0081000000000000
0084000000000000
0081000000000000
0081000000000000
0080800000000000
0084000000000000

0000810000000000
0000838000000000
0000828000000000
0000808000000000
0000838000000000
0000828000000000
0000818000000000
0000808000000000
0000848000000000
0000800000000000
0000808000000000
0000810000000000
0000818000000000
0000820000000000
0000828000000000
0000838000000000
0000810000000000
0000830000000000
0000808000000000
0000820000000000
0000820000000000

0000001300000000

0000002C00000000

0000005800000000

000000B000000000

0000000007800000

0000000018000000

0000000000050000

0000000000500000

0000000000800000

0000000000002200

0000000000009000

