*856

5 

2 

6 

2 

7 

6 

2 

8 

9 

11 

10 

8 

3 

6 

2 

5 

10 

19 

31 

33 

14 

9 
*61

6 

12 

8 
*1067

262 
257 
265 
258 
258 
256 
260 
261 
258 
257 
259 
261 
265 
260 
256 
259 
258 
261 
263 
265 
265 

6 

6 

5 

10 

9 

256 
263 
261 
258 
257 
260 
264 
258 
262 
265 
259 
257 
259 
264 
261 
258 
263 
262 
265 
257 
262 

9 
*1056

261 
256 
258 
261 
263 
263 
256 
260 
256 
258 
260 
264 
262 
261 
265 
257 
256 
264 
257 
264 
262 

4 

10 

5 

4 

4 

264 
262 
259 
256 
259 
256 
259 
264 
263 
264 
260 
261 
259 
262 
259 
263 
260 
256 
258 
259 
261 

10 
*792

6 
*837

10 

4268 
4276 
4268 
4275 
4271 
4275 
4269 
4271 
4273 
4267 
4273 
4275 
4272 
4270 
4271 
4270 
4269 
4269 
4267 
4272 
4276 
*915

64 

4 

67 

5 

9 

4 
*800

2 

7 

4 

8 

10 

10 

263 
264 
257 
265 
261 
265 
256 
260 
261 
265 
259 
258 
264 
263 
258 
258 
264 
258 
258 
257 
264 

258 
263 
261 
257 
263 
261 
259 
257 
265 
256 
257 
258 
259 
260 
261 
263 
258 
262 
257 
260 
260 

38 

11 

11 

11 

15 

3 

10 

5 

2 

34 

9 

