*1541

1 
*1792
*1536
*1537

9 
*1543

6 
*1542

1 
*1540

1 
*1053

6 
*1052

4 
*1051

10 
*1050

9 
*497

108 
106 
107 
101 
109 
109 
104 
102 
107 
104 
109 
104 
110 
108 
110 
104 
108 
102 
107 
105 
104 
*496

101 
102 
110 
108 
105 
106 
110 
101 
110 
103 
103 
107 
110 
103 
109 
108 
101 
108 
102 
102 
102 
*417

7 

10 

7 
*416

6 

5 

3 

10 

2 

9 

5 

6 

9 

9 

8 

9 
*273

1029 
1026 
1027 
1025 
1032 
1029 
1025 
1029 
1026 
1026 
1029 
1031 
1030 
1024 
1025 
1032 
1023 
1027 
1031 
1028 
1027 

10 

7 

610 
607 
605 
605 
601 
603 
601 
603 
604 
610 
605 
608 
606 
601 
608 
610 
607 
610 
610 
608 
602 

3 
*272

9 

9 

7 

4 
